k_F,Delta_p,Delta_n
[1/fm],[MeV],[MeV]
0.0,,
0.01,0.0005960491276822797,
0.02,0.0023665190035511265,
0.03,0.005284440555912285,
0.04,0.009322244771892866,
0.05,0.0144517679329438,
0.06,0.02064425744055814,
0.07,0.027870378253254263,
0.08,0.03610021995631881,
0.09,0.045303304486237,
0.1,0.05544859453215249,
0.11,0.06650450263709541,
0.12,0.07843890102209028,
0.13,0.09121913215660184,
0.14,0.10481202009909563,
0.15,0.11918388263177308,
0.16,0.13430054421378962,
0.17,0.15012734977746753,
0.18,0.16662917939217825,
0.19,0.183770463820676,
0.2,0.201515200992718,
0.21,0.21982697342080387,
0.22,0.2386689665827906,
0.23,0.25800398829599647,
0.24,0.27779448910718924,
0.25,0.29800258372254795,
0.26,0.31859007350129287,
0.27,0.3395184700361915,
0.28,0.360749019843558,
0.29,0.3822427301846551,
0.3,0.403960396039604,
0.31,0.4258626282539519,
0.32,0.44790988287699174,
0.33,0.47006249170970865,
0.34,0.49228069407888575,
0.35000000000000003,0.5145246698523879,
0.36,0.5367545737089883,
0.37,0.5589305706742668,
0.38,0.581012872932108,
0.39,0.6029617779191473,
0.4,0.6247377077071402,
0.41000000000000003,0.6463012496756713,
0.42,0.6676131984748596,
0.43,0.6886345992747485,
0.44,0.7093267922949048,
0.45,0.7296514586043493,
0.46,0.7495706671783616,
0.47000000000000003,0.7690469231948552,
0.48,0.788043217548993,
0.49,0.8065230775604365,
0.5,0.8244506188431423,
0.51,0.8417905983028979,
0.52,0.8585084682228729,
0.53,0.8745704313923082,
0.54,0.8899434972281224,
0.55,0.904595538833647,
0.56,0.91849535093297,
0.5700000000000001,0.9316127086134186,
0.58,0.9439184268026221,
0.59,0.9553844204003268,
0.6,0.9659837649787401,
0.61,0.9756907579586581,
0.62,0.9844809801620106,
0.63,0.9923313576347473,
0.64,0.9992202236272559,
0.65,1.0051273806126981,
0.66,1.0100341622169047,
0.67,1.0139234949267146,
0.68,1.0167799594369937,
0.6900000000000001,1.018589851490012,
0.7000000000000001,1.0193412420544548,
0.71,1.01902403668513,
0.72,1.0176300338984616,
0.73,1.0151529823931507,
0.74,1.0115886369400187,
0.75,1.0069348127600557,
0.76,1.0011914382051086,
0.77,0.9943606055515722,
0.78,0.986446619713851,
0.79,0.9774560446813941,
0.8,0.9673977474807351,
0.81,0.9562829394622939,
0.8200000000000001,0.9441252147107626,
0.8300000000000001,0.930940585377735,
0.84,0.9167475137359116,
0.85,0.9015669407557519,
0.86,0.8854223110079334,
0.87,0.8683395936983669,
0.88,0.8503472996469649,
0.89,0.8314764940267814,
0.9,0.8117608046866365,
0.91,0.7912364258879063,
0.92,0.7699421172947932,
0.93,0.7479191980671517,
0.9400000000000001,0.7252115359157623,
0.9500000000000001,0.7018655309918859,
0.96,0.6779300944959362,
0.97,0.6534566219041468,
0.98,0.6284989607272159,
0.99,0.6031133727309629,
1.0,0.5773584905660378,
1.01,0.5512952687716214,
1.02,0.5249869291367489,
1.03,0.4984989004223482,
1.04,0.47189875246718604,
1.05,0.4452561247216036,
1.06,0.4186426492740788,
1.07,0.3921318684571716,
1.08,0.3657991471411959,
1.09,0.3397215798458735,
1.1,0.313977892822163,0.0
1.11,0.2886483412782749,0.0002258507168374037
1.12,0.2638146019454581,0.000899875820179508
1.1300000000000001,0.2395596612003433,0.0020160689271706625
1.1400000000000001,0.21596769898130952,0.003567487122465012
1.1500000000000001,0.19312396875637516,0.005546277108036228
1.16,0.17111467381936782,0.007943705724686221
1.17,0.15002684020945556,0.010750194598549067
1.18,0.12994818656642376,0.013955358630424245
1.19,0.11096699125018097,0.017548048014128126
1.2,0.09317195706782386,0.021516393442622895
1.21,0.0766520739650084,0.025847854137793495
1.22,0.06149648005029689,0.03052926832162516
1.23,0.04779432133147186,0.03554690573332751
1.24,0.03563461055143945,0.04088652178870554
1.25,0.025106085518219187,0.04653341297475266
1.26,0.016297067328568247,0.05247247307391183
1.27,0.009295318887966957,0.058688249818512
1.28,0.004187904130964392,0.0651650015862659
1.29,0.0010610483452227067,0.07188675376207264
1.3,0.0,0.07883735440931779
1.31,,0.08600052891497395
1.32,,0.09335993329661964
1.33,,0.10089920588553293
1.34,,0.10860201712779778
1.35,,0.11645211727439911
1.36,,0.1244333817611097
1.37,,0.1325298541091352
1.3800000000000001,,0.1407257862075617
1.3900000000000001,,0.1490056758682529
1.4000000000000001,,0.15735430157261798
1.41,,0.16575675435731124
1.42,,0.17419846681215614
1.43,,0.18266523918819394
1.44,,0.19114326263656234
1.45,,0.19961913961977298
1.46,,0.2080799015557908
1.47,,0.21651302377206938
1.48,,0.22490643786134232
1.49,,0.23324854154353045
1.5,,0.24152820614864187
1.51,,0.2497347818440803
1.52,,0.2578581007364305
1.53,,0.2658884779826659
1.54,,0.27381671104893146
1.55,,0.2816340772567425
1.56,,0.2893323297567231
1.57,,0.29690369206903927
1.58,,0.30434085132760225
1.59,,0.3116369503620505
1.6,,0.3187855787476281
1.61,,0.32578076294845726
1.62,,0.33261695567451727
1.6300000000000001,,0.339289024566969
1.6400000000000001,,0.3457922403204487
1.6500000000000001,,0.35212226434466126
1.6600000000000001,,0.3582751360611583
1.67,,0.3642472599246368
1.68,,0.37003539225154614
1.69,,0.3756366279322716
1.7,,0.38104838709677424
1.71,,0.3862684017973008
1.72,,0.3912947027657246
1.73,,0.3961256062972351
1.74,,0.4007597013065077
1.75,,0.4051958365971635
1.76,,0.4094331083802884
1.77,,0.4134708480730425
1.78,,0.41730861040393813
1.79,,0.4209461618472196
1.8,,0.4243834694049323
1.81,,0.4276206897517055
1.82,,0.4306581587540129
1.83,,0.433496381372678
1.84,,0.43613602195467144
1.85,,0.4385778949177792
1.86,,0.44082295582950254
1.87,,0.4428722928795522
1.8800000000000001,,0.44472711874353454
1.8900000000000001,,0.4463887628338557
1.9000000000000001,,0.4478586639324869
1.9100000000000001,,0.4491383631990452
1.92,,0.45022949754659575
1.93,,0.45113379337670634
1.94,,0.4518530606645307
1.95,,0.452389187384089
1.96,,0.4527441342633952
1.97,,0.4529199298587002
1.98,,0.4529186659367961
1.99,,0.45274249315412485
2.0,,0.4523936170212766
2.0100000000000002,,0.45187429414139524
2.02,,0.4511868287109852
2.0300000000000002,,0.45033356927165324
2.04,,0.44931690570139554
2.05,,0.4481392664341612
2.06,,0.44680311589657756
2.07,,0.4453109521509038
2.08,,0.44366530473348476
2.09,,0.4418687326782053
2.1,,0.43992382271468145
2.11,,0.4378331876311901
2.12,,0.43559946479258743
2.13,,0.43322531480375476
2.14,,0.4307134203093693
2.15,,0.4280664849210917
2.16,,0.4252872322635251
2.17,,0.42237840513059194
2.18,,0.41934276474424115
2.19,,0.4161830901076771
2.2,,0.4129021774455639
2.21,,0.4095028397239264
2.22,,0.40598790624272413
2.23,,0.4023602222943264
2.24,,0.3986226488813586
2.25,,0.3947780624876336
2.2600000000000002,,0.3908293548961025
2.27,,0.38677943304799645
2.2800000000000002,,0.3826312189375319
2.29,,0.3783876495367769
2.3000000000000003,,0.3740516767454645
2.31,,0.36962626736074883
2.32,,0.3651144030620758
2.33,,0.36051908040653713
2.34,,0.3558433108302444
2.35,,0.35109012065143447
2.36,,0.3462625510711917
2.37,,0.34136365816782127
2.38,,0.3363965128810833
2.39,,0.3313642009826345
2.4,,0.32626982302918883
2.41,,0.32111649429504696
2.42,,0.31590734468079557
2.43,,0.3106455185951145
2.44,,0.3053341748067769
2.45,,0.2999764862640593
2.46,,0.2945756398789252
2.47,,0.28913483627347397
2.48,,0.2836572894862938
2.49,,0.2781462266364826
2.5,,0.27260488754325274
2.5100000000000002,,0.2670365242991562
2.52,,0.2614444007951223
2.5300000000000002,,0.2558317921956252
2.54,,0.25020198436245206
2.5500000000000003,,0.24455827322567347
2.56,,0.2389039641005748
2.57,,0.23324237094943934
2.58,,0.22757681558723644
2.59,,0.22191062683040788
2.6,,0.21624713958810077
2.61,,0.21058969389535573
2.62,,0.20494163388790498
2.63,,0.19930630671840693
2.64,,0.19368706141409114
2.65,,0.18808724767596552
2.66,,0.18251021461988637
2.67,,0.1769593094599753
2.68,,0.17143787613501804
2.69,,0.1659492538786661
2.7,,0.16049677573441606
2.71,,0.15508376701652798
2.72,,0.14971354371819987
2.73,,0.14438941086850127
2.74,,0.1391146608397255
2.75,,0.1338925716070024
2.7600000000000002,,0.12872640496216917
2.77,,0.12361940468407746
2.7800000000000002,,0.11857479466766306
2.79,,0.11359577701428208
2.8000000000000003,,0.10868553008595985
2.81,,0.1038472065263677
2.82,,0.09908393125147753
2.83,,0.0943987994130018
2.84,,0.08979487433785648
2.85,,0.08527518544701784
2.86,,0.08084272615727721
2.87,,0.07650045176950337
2.88,,0.0722512773471467
2.89,,0.06809807558880736
2.9,,0.06404367469879528
2.91,,0.0600908562596812
2.92,,0.05624235311092139
2.93,,0.05250084723769178
2.94,,0.048868967674127836
2.95,,0.04534928842519711
2.96,,0.04194432641146918
2.97,,0.03865653944105427
2.98,,0.035488324212994665
2.99,,0.03244201435637489
3.0,,0.029519878509403897
3.0100000000000002,,0.02672411844267791
3.02,,0.02405686723079418
3.0300000000000002,,0.021520187476415237
3.04,,0.019116069590817426
3.0500000000000003,,0.016846430134862138
3.06,,0.014713110224235057
3.0700000000000003,,0.012717874002678535
3.08,,0.010862407186823334
3.09,,0.009148315686081753
3.1,,0.007577124300920093
3.11,,0.006150275502663842
3.12,,0.0048691282978177985
3.13,,0.0037349571797032884
3.14,,0.0027489511700191697
3.15,,0.0019122129527361141
3.16,,0.0012257581025208039
3.17,,0.0006905144096726909
3.18,,0.0003073213033293851
3.19,,7.692937446890431e-05
3.2,,0.0
3.21,,
3.22,,
3.23,,
3.24,,
3.25,,
3.2600000000000002,,
3.27,,
3.2800000000000002,,
3.29,,
3.3000000000000003,,
3.31,,
3.3200000000000003,,
3.33,,
3.34,,
3.35,,
3.36,,
3.37,,
3.38,,
3.39,,
3.4,,
3.41,,
3.42,,
3.43,,
3.44,,
3.45,,
3.46,,
3.47,,
3.48,,
3.49,,
