n_b,x_e,x_p,x_mu,m_eff_n,m_eff_p
0.06,0.023923184733708296,0.023923184733708296,0.0,1.6527465288482061e-24,1.3425999829755676e-24
0.06999999999999999,0.0278035191014535,0.0278035191014535,0.0,1.6503076658962044e-24,1.3027810532133753e-24
0.07999999999999999,0.03148043177159287,0.03148043177159287,0.0,1.647705952431335e-24,1.2657184909534848e-24
0.08999999999999998,0.03495234443442722,0.03495234443442722,0.0,1.6449868077180355e-24,1.2311352250080282e-24
0.09999999999999998,0.03822316338728823,0.03822316338728823,0.0,1.6421880682344935e-24,1.1987885574170928e-24
0.10999999999999997,0.04129984301621315,0.04129984301621315,0.0,1.6393410240602046e-24,1.1684653630105554e-24
0.11999999999999997,0.044170279583039186,0.044248177684995206,7.78981019560209e-05,1.6364402359377216e-24,1.140009125568239e-24
0.12999999999999995,0.04651405415953039,0.04792912397191925,0.0014150698123888588,1.633012541310058e-24,1.113748287320192e-24
0.13999999999999996,0.048521202689863714,0.05176784084280297,0.0032466381529392494,1.629350647559087e-24,1.0892604224381228e-24
0.14999999999999997,0.05029174064461679,0.05552359323516864,0.005231852590551844,1.625603918290943e-24,1.0662795559630804e-24
0.15999999999999995,0.05187264803845958,0.0591189460370792,0.0072462979986196215,1.6218394964706886e-24,1.0446334259896067e-24
0.16999999999999993,0.0532941502866749,0.06252434139320763,0.009230191106532728,1.6180979358877996e-24,1.0241864704771835e-24
0.17999999999999994,0.05457807477866569,0.0657307091231295,0.011152634344463815,1.6144062121412919e-24,1.004825629209186e-24
0.18999999999999995,0.05574119975743991,0.0687388508481412,0.012997651090701296,1.6107830618479176e-24,9.864539809328695e-25
0.19999999999999993,0.056796938366835796,0.07155450557425572,0.014757567207419919,1.6072417437049034e-24,9.689870963952052e-25
0.2099999999999999,0.05775630654646989,0.07418582789304007,0.016429521346570178,1.6037916690876234e-24,9.523506384423559e-25
0.21999999999999992,0.05862853152920453,0.07664202880294226,0.01801349727373773,1.6004394502776688e-24,9.364786435677383e-25
0.22999999999999993,0.0594214598147608,0.07893262304494804,0.01951116323018723,1.5971896143200537e-24,9.213122223355853e-25
0.2399999999999999,0.06014184425232015,0.08106701006514684,0.02092516581282669,1.5940451094147872e-24,9.06798539600128e-25
0.2499999999999999,0.06079555376104172,0.08305424515268717,0.02225869139164545,1.5910076750189241e-24,8.928899931338154e-25
0.2599999999999999,0.06138773115209167,0.08490292149076824,0.023515190338676575,1.588078118467202e-24,8.79543539260671e-25
0.2699999999999999,0.06192291478075538,0.08662111767356713,0.024698202892811747,1.585256525302925e-24,8.667201310403754e-25
0.2799999999999999,0.06240513418789119,0.08821638390245676,0.02581124971456558,1.5825424213560548e-24,8.543842448082057e-25
0.28999999999999987,0.0628379865420049,0.08969575075348514,0.02685776421148024,1.5799348989569637e-24,8.42503477443807e-25
0.2999999999999999,0.06322469859473155,0.09106575069745947,0.027841052102727918,1.577432716039071e-24,8.310482011447052e-25
0.3099999999999999,0.06356817749939027,0.09233244634378135,0.028764268844391077,1.5750343744607806e-24,8.199912655467423e-25
0.3199999999999999,0.06387105292911732,0.09350146170404319,0.02963040877492588,1.5727381822143659e-24,8.093077392374686e-25
0.32999999999999985,0.06413571230274233,0.09457801421710901,0.030442301914366695,1.5705423030197765e-24,7.989746843347355e-25
0.33999999999999986,0.06436433048393468,0.0955669461850018,0.031202615701067138,1.5684447959611399e-24,7.889709590293399e-25
0.34999999999999987,0.0645588950008195,0.09647275484180506,0.03191385984098555,1.5664436472092404e-24,7.792770439330903e-25
0.3599999999999998,0.06472122760010625,0.09729962063972149,0.03257839303961524,1.5645367954169134e-24,7.698748888093432e-25
0.36999999999999983,0.06485300277619209,0.09805143356404514,0.03319843078785305,1.5627221520307614e-24,7.607477768450602e-25
0.37999999999999984,0.06495576378459168,0.098731817430266,0.03377605364567433,1.5609976175010082e-24,7.518802040892351e-25
0.38999999999999985,0.06503093654870137,0.09934415220246018,0.03431321565375881,1.5593610941700424e-24,7.432577720591139e-25
0.39999999999999986,0.06507984179121505,0.09989159442224095,0.03481175263102589,1.557810496463907e-24,7.348670918227723e-25
0.4099999999999998,0.06510370566070052,0.100377095864601,0.03527339020390048,1.5563437588886917e-24,7.266956981191054e-25
0.4199999999999998,0.06510366907580349,0.10080342054931567,0.03569975147351219,1.5549588422373444e-24,7.187319722852801e-25
0.4299999999999998,0.06508079597124136,0.10117316023962779,0.03609236426838642,1.5536537383359015e-24,7.109650729358163e-25
0.4399999999999998,0.06503608059897102,0.10148874855729378,0.036452667958322756,1.5524264735970683e-24,7.0338487348329895e-25
0.4499999999999998,0.06497045401299756,0.10175247383707495,0.03678201982407739,1.5512751116000728e-24,6.959819057135495e-25
0.4599999999999998,0.06488478984597693,0.10196649083592559,0.03708170098994866,1.5501977548762162e-24,6.887473087319887e-25
0.4699999999999998,0.06477990946910514,0.1021328314034662,0.03735292193436105,1.5491925460475503e-24,6.816727826862168e-25
0.4799999999999998,0.06465658661304119,0.10225341421145269,0.03759682759841149,1.5482576684401045e-24,6.747505467451741e-25
0.48999999999999977,0.06451555151620356,0.10233005363124702,0.037814502115043475,1.5473913462718769e-24,6.679733008797472e-25
0.4999999999999998,0.06435749465727371,0.1023644678400074,0.03800697318273369,1.5465918444984083e-24,6.6133419104513e-25
0.5099999999999998,0.06418307012077207,0.10235828622855626,0.0381752161077842,1.545857468384539e-24,6.548267774130474e-25
0.5199999999999998,0.06399289863786847,0.10231305617672448,0.038320157538856016,1.5451865628591486e-24,6.484450053432819e-25
0.5299999999999998,0.06378757033892415,0.10223024925541681,0.03844267891649266,1.5445775117000405e-24,6.421831788198024e-25
0.5399999999999998,0.06356764724945606,0.10211126690869077,0.03854361965923472,1.544028736588073e-24,6.360359361079812e-25
0.5499999999999998,0.06333366555712386,0.1019574456637594,0.03862378010663556,1.5435386960630059e-24,6.299982274165797e-25
0.5599999999999998,0.06308613767384086,0.10177006191197413,0.03868392423813328,1.543105884408016e-24,6.240652943719545e-25
0.5699999999999998,0.06282555411411521,0.10155033629948924,0.03872478218537403,1.542728830485209e-24,6.182326511327769e-25
0.5799999999999998,0.06255238520935164,0.10129943776462616,0.03874705255527453,1.5424060965380662e-24,6.124960669944501e-25
0.5899999999999996,0.06226708266738006,0.10101848724019023,0.03875140457281017,1.5421362769913179e-24,6.06851550330735e-25
