n_b,rho_b,n_n,n_p,lambda,xi_n,xi_p,kappa,R,epsilon
[1/fm**3],[g/cm**3],[1/fm**3],[1/fm**3],[cm],[cm],[cm],[],[],[]
0.06,99632340000000.0,0.05863993412784737,0.0013600658721526296,1.9454917882468117e-11,7.401817311178946e-11,1.0916709913064064e-12,17.82122822480274,0.014748688672140806,0.023193509549096703
0.06999999999999999,116237729999999.98,0.068149075825573,0.0018509241744269953,1.667688982932134e-11,3.1932673273740585e-11,1.0657865842787114e-12,15.647494606631497,0.033376052644961206,0.02715993066676972
0.07999999999999999,132843119999999.97,0.07759798336899384,0.0024020166310061443,1.4639335655741493e-11,1.973252756506947e-11,1.0560397490818962e-12,13.862485449500072,0.05351771310591241,0.030954626998282643
0.08999999999999998,149448509999999.97,0.0869929657401774,0.0030070342598225823,1.3083989456880547e-11,1.4408244708462379e-11,1.0580333624573626e-12,12.366329759670329,0.07343249534316619,0.0345664069989718
0.09999999999999998,166053899999999.94,0.09633993256230802,0.0036600674376919503,1.1859457684622853e-11,1.1567980979976375e-11,1.0691257513851271e-12,11.092668630662105,0.09242111940153887,0.03799117707836047
0.10999999999999997,182659289999999.94,0.10564435686950935,0.004355643130490625,1.0871343761960187e-11,9.864423741942994e-12,1.0876571504345687e-12,9.995193575122997,0.11026058682068873,0.04122930234570563
0.11999999999999997,199264679999999.94,0.11491127597952176,0.0050887240204782035,1.0057844675548199e-11,8.76401203641943e-12,1.1125544555203933e-12,9.040316746422699,0.12694579273705922,0.04428393973612355
0.12999999999999995,215870069999999.9,0.12405866769199123,0.005941332308008727,9.308237411305134e-12,8.026224336383772e-12,1.1438774105646259e-12,8.137443160723423,0.14251749796966198,0.047891311574937034
0.13999999999999996,232475459999999.94,0.13309165047894914,0.006908349521050817,8.63221448009686e-12,7.51570227301692e-12,1.182736617640583e-12,7.2985095340305675,0.15736874275699775,0.05190670861913684
0.14999999999999997,249080849999999.94,0.1420590926186108,0.007940907381389159,8.051453855339911e-12,7.154065247668727e-12,1.2291286263339356e-12,6.550538066430529,0.17180841714219308,0.05589862102462029
0.15999999999999995,265686239999999.88,0.1509783282999054,0.009021671700094545,7.553806646350181e-12,6.896658326171336e-12,1.2829236783826283e-12,5.887962607310518,0.18602105798314073,0.059754746271754804
0.16999999999999993,282291629999999.9,0.15986032755712287,0.010139672442877057,7.125205767832829e-12,6.715488288375405e-12,1.3440717843336386e-12,5.301209244092085,0.20014505671318703,0.06342832269784915
0.17999999999999994,298897019999999.9,0.16871314737109822,0.011286852628901735,6.753407352171839e-12,6.592114657374764e-12,1.4126361943068504e-12,4.7807123868050025,0.21429181191903254,0.06689966256201356
0.18999999999999995,315502409999999.94,0.1775431530101996,0.012456846989800355,6.4284357641821215e-12,6.513930928081304e-12,1.4887898114043216e-12,4.317893442673691,0.22855474334033946,0.07016236209956644
0.19999999999999993,332107799999999.9,0.1863555942427956,0.013644405757204324,6.1423146566346115e-12,6.472062449508487e-12,1.5728045346862645e-12,3.905326136321098,0.24301442499302664,0.07321704407449957
0.2099999999999999,348713189999999.8,0.19515492515815372,0.014845074841846198,5.888683025344781e-12,6.4601128309970724e-12,1.6650412936892368e-12,3.53665884904104,0.2577418285482561,0.07606815369796964
0.21999999999999992,365318579999999.9,0.2039450015731426,0.016054998426857328,5.662448171004835e-12,6.473384256899401e-12,1.7659425059161673e-12,3.2064736830529874,0.27280050678808493,0.07872219619513147
0.22999999999999993,381923969999999.9,0.21272921232543565,0.017270787674564275,5.4595054146500724e-12,6.5083754170277815e-12,1.8760269708506192e-12,2.9101422844548175,0.2882481188688645,0.0811867231856395
0.2399999999999999,398529359999999.8,0.2215105715004556,0.018489428499544287,5.276520500532609e-12,6.562448557114352e-12,1.9958867823093226e-12,2.6436973015210103,0.30413751284123686,0.08346973408222305
0.2499999999999999,415134749999999.8,0.23029178594485897,0.019708214055140914,5.110762956082887e-12,6.633603035910845e-12,2.126185794369692e-12,2.4037235925555476,0.32051748994620843,0.0855793183168932
0.2599999999999999,431740139999999.8,0.2390753062898377,0.020924693710162187,4.959978783173305e-12,6.7203179178777825e-12,2.2676592315650688e-12,2.187268137175126,0.33743332670802806,0.08752344202706822
0.2699999999999999,448345529999999.75,0.24786336649296453,0.022136633507035385,4.8222929082513145e-12,6.821440464081804e-12,2.4211141019923367e-12,1.9917660651693556,0.35492710296903973,0.08930982347350519
0.2799999999999999,464950919999999.9,0.25665801510521974,0.023341984894780177,4.696134011967521e-12,6.936105838208911e-12,2.5874301266542543e-12,1.8149800311863813,0.3730378669253983,0.09094586383834877
0.28999999999999987,481556309999999.75,0.26546114040245883,0.024538859597541048,4.580176200013385e-12,7.06367848167207e-12,2.7675609347680407e-12,1.6549504448028591,0.3918016571604942,0.09243861289956908
0.2999999999999999,498161699999999.75,0.27427449085853084,0.025725509141469052,4.473293400221378e-12,7.203708816625528e-12,2.962535294155965e-12,1.5099544667182885,0.4112513941872128,0.09379475670866569
0.3099999999999999,514767089999999.75,0.28309969201022467,0.02690030798977523,4.374523434127835e-12,7.355900982867382e-12,3.173458150808545e-12,1.3784720724970891,0.431416648783044,0.09502061905741556
0.3199999999999999,531372479999999.75,0.29193826047938787,0.028061739520612056,4.2830394940056576e-12,7.520088650515702e-12,3.4015112447632533e-12,1.2591578230410228,0.4523232907008336,0.09612217142943941
0.32999999999999985,547977869999999.75,0.30079161572199425,0.02920838427800562,4.198127330167096e-12,7.696216839246315e-12,3.647953052598077e-12,1.1508172582366936,0.47399301875118666,0.09710504798445373
0.33999999999999986,564583259999999.8,0.3096610899362502,0.03033891006374965,4.119166874224493e-12,7.884328277050194e-12,3.91411778171996e-12,1.0523870521889174,0.4964427715564844,0.09797456332016241
0.34999999999999987,581188649999999.8,0.3185479364627322,0.03145206353726766,4.0456173338465076e-12,8.08455324626205e-12,4.201413109618208e-12,0.9629182440034186,0.5196840173649374,0.09873573154019576
0.3599999999999998,597794039999999.6,0.3274533369368516,0.03254666306314824,3.977005023859548e-12,8.29710215487177e-12,4.5113163236945544e-12,0.8815619962119104,0.5437219211584211,0.09939328567424179
0.36999999999999983,614399429999999.6,0.33637840739969105,0.03362159260030877,3.91291336930593e-12,8.522260277346773e-12,4.84536847567235e-12,0.8075574414932332,0.5685543879188883,0.09995169684110838
0.37999999999999984,631004819999999.8,0.3453242035321644,0.03467579646783539,3.8529746440822705e-12,8.760384257905122e-12,5.205166120770457e-12,0.7402212637762965,0.5941709824056477,0.10041519277581015
0.38999999999999985,647610209999999.8,0.3542917251459107,0.035708274854089145,3.796863105407998e-12,9.011900078062084e-12,5.592350168186129e-12,0.6789387272291472,0.6205517282420542,0.100787775495979
0.39999999999999986,664215599999999.8,0.3632819200398301,0.03671807996016974,3.744289257815279e-12,9.277302271281213e-12,6.008591329080112e-12,0.6231559200396664,0.6476657926389106,0.1010732379859256
0.4099999999999998,680820989999999.6,0.3722956873119396,0.03770431268806018,3.6949950365543434e-12,9.557154228898917e-12,6.455571615230011e-12,0.5723730223729678,0.6754700678272678,0.1012751798450688
0.4199999999999998,697426379999999.6,0.38133388020098513,0.038666119799014693,3.648749743607568e-12,9.852089488873204e-12,6.9349613209386726e-12,0.5261384418383023,0.7039076663656892,0.10139702189229921
0.4299999999999998,714031769999999.8,0.39039730852007026,0.03960269147992959,3.605346603082463e-12,1.0162813936372322e-11,7.448390919003429e-12,0.4840436870578279,0.7329063550347924,0.10144201974664388
0.4399999999999998,730637159999999.6,0.3994867407347601,0.04051325926523966,3.5645998289559176e-12,1.0490108875671729e-11,7.997417326214317e-12,0.4457188719252779,0.7623769610972895,0.10141327642245455
0.4499999999999998,747242549999999.6,0.4086029057301723,0.04139709426982747,3.5263421187146194e-12,1.0834834958393364e-11,8.58348405386041e-12,0.4108287609771526,0.7922117952716105,0.10131375398775241
0.4599999999999998,763847939999999.6,0.41774649430509164,0.042253505694908156,3.4904225026842405e-12,1.1197936975393096e-11,9.207874864049022e-12,0.37906928082962466,0.822283147715768,0.1011462843397299
0.4699999999999998,780453329999999.6,0.4269181604258391,0.0430818395741607,3.456704491744717e-12,1.1580449539805458e-11,9.871660713901613e-12,0.35016443452892043,0.8524419263664827,0.10091357915340907
0.4799999999999998,797058719999999.6,0.43611852226825604,0.04388147773174376,3.42506447643464e-12,1.198350370786767e-11,1.0575639997437321e-11,0.32386356544517386,0.8825165206477945,0.10061823905922598
0.48999999999999977,813664109999999.6,0.44534816307255476,0.04465183692744501,3.3953903387208955e-12,1.2408334602981347e-11,1.1320272398642159e-11,0.2999389254209258,0.9123119871317977,0.10026276210365882
0.4999999999999998,830269499999999.6,0.4546076318327944,0.04539236816720538,3.3675802443847424e-12,1.2856290127744149e-11,1.2105607055724955e-11,0.27818350859093466,0.9416096661976223,0.09984955154448613
0.5099999999999998,846874889999999.6,0.46389744384024917,0.046102556159750625,3.3415415893871298e-12,1.3328840869055482e-11,1.2931206208330327e-11,0.2584091178775339,0.9701673487866216,0.09938092302924353
0.5199999999999998,863480279999999.6,0.4732180810978634,0.0467819189021364,3.3171900779839987e-12,1.3827591323520423e-11,1.3796066052288609e-11,0.24044463584122336,0.9977201183854638,0.09885911120218104
0.5299999999999998,880085669999999.6,0.4825699926212509,0.04743000737874893,3.294448913968683e-12,1.4354292594913531e-11,1.469853714699298e-11,0.2241344754938868,1.0239819935258554,0.09828627578170773
0.5399999999999998,896691059999999.5,0.49195359464024585,0.04804640535975396,3.2732480893819144e-12,1.4910856743146384e-11,1.5636247383794177e-11,0.20933718999447373,1.0486484883560572,0.0976645071470393
0.5499999999999998,913296449999999.6,0.501369270713794,0.04863072928620583,3.2535237574750577e-12,1.5499372995821e-11,1.660603119141232e-11,0.1959242229508513,1.071400191213522,0.09699583146962873
0.5599999999999998,929901839999999.8,0.5108173717699482,0.049182628230051616,3.2352176787378825e-12,1.6122126069981856e-11,1.760386927312389e-11,0.18377878343354556,1.0919074318554627,0.0962822154219953
0.5699999999999998,946507229999999.6,0.5202982160818702,0.0497017839181296,3.2182767304867484e-12,1.6781616894199595e-11,1.8624843673044824e-11,0.17279483183767408,1.1098360658848268,0.09552557049380485
0.5799999999999998,963112619999999.8,0.529812089190009,0.050187910809990834,3.2026524719153798e-12,1.74805860709391e-11,1.9663113276343863e-11,0.16287616446620387,1.1248543496509618,0.09472775694250289
0.5899999999999996,979718009999999.2,0.5393592437800051,0.050640756219994525,3.1883007576885954e-12,1.8222040477857523e-11,2.0711914875791612e-11,0.15393558619802594,1.1366408114919762,0.09389058740346717
